1 0.003679
6 0.005510
11 0.007151
16 0.007983
21 0.008184
26 0.008103
31 0.008308
36 0.008997
41 0.010015
46 0.011008
51 0.011372
56 0.011240
61 0.011433
66 0.011851
71 0.011689
76 0.011248
81 0.011565
86 0.012649
91 0.013774
96 0.014678
101 0.015435
106 0.015759
111 0.015110
116 0.013999
121 0.013733
126 0.014229
131 0.014395
136 0.013997
141 0.013335
146 0.012673
151 0.012393
156 0.012458
161 0.012546
166 0.012539
171 0.012437
176 0.012712
181 0.014158
186 0.016829
191 0.020154
196 0.023313
201 0.025608
206 0.025867
211 0.022649
216 0.017747
221 0.015090
226 0.016426
231 0.021768
236 0.029165
241 0.035090
246 0.037600
251 0.036199
256 0.032231
261 0.028660
266 0.026702
271 0.025818
276 0.025889
281 0.027012
286 0.027522
291 0.024702
296 0.018845
301 0.012515
306 0.007244
311 0.003867
316 0.002581
321 0.002712
326 0.003750
331 0.005461
336 0.007109
341 0.007700
346 0.007493
351 0.007769
356 0.008542
361 0.008843
366 0.008728
371 0.008931
376 0.009331
381 0.009253
386 0.008835
391 0.008804
396 0.009211
401 0.009573
406 0.010142
411 0.011675
416 0.013721
421 0.015015
426 0.015195
431 0.014475
436 0.013411
441 0.012976
446 0.013135
451 0.012910
456 0.012463
461 0.012886
466 0.013711
471 0.013337
476 0.012136
481 0.011938
486 0.012778
491 0.013555
496 0.014146
501 0.014771
