1 0.003679
2 -403.042152
3 -664.795064
4 -818.553722
5 -891.306901
6 -904.753377
7 -876.177294
8 -819.197254
9 -744.405251
10 -659.909793
11 -571.795818
12 -484.512612
13 -401.199506
14 -323.958046
15 -254.078176
16 -192.225098
17 -138.592601
18 -93.027909
19 -55.132444
20 -24.342313
21 0.008184
22 18.637201
23 32.277695
24 41.649400
25 47.438637
26 50.284472
27 50.769913
28 49.417099
29 46.685572
30 42.972889
31 38.616961
32 33.899606
33 29.050927
34 24.254177
35 19.650847
36 15.345801
37 11.412280
38 7.896678
39 4.823020
40 2.197061
41 0.010015
42 -1.758137
43 -3.135724
44 -4.156872
45 -4.859347
46 -5.282757
47 -5.467078
48 -5.451463
49 -5.273321
50 -4.967626
51 -4.566426
52 -4.098526
53 -3.589321
54 -3.060746
55 -2.531327
56 -2.016312
57 -1.527860
58 -1.075273
59 -0.665265
60 -0.302236
61 0.011433
62 0.275094
63 0.489552
64 0.656794
65 0.779742
66 0.862019
67 0.907744
68 0.921340
69 0.907379
70 0.870437
71 0.814982
72 0.745277
73 0.665305
74 0.578714
75 0.488779
76 0.398374
77 0.309966
78 0.225612
79 0.146968
80 0.075313
81 0.011565
82 -0.043683
83 -0.090136
84 -0.127757
85 -0.156739
86 -0.177460
87 -0.190457
88 -0.196385
89 -0.195989
90 -0.190075
91 -0.179479
92 -0.165049
93 -0.147616
94 -0.127987
95 -0.106917
96 -0.085109
97 -0.063197
98 -0.041742
99 -0.021228
100 -0.002061
101 0.015435
102 0.031009
103 0.044488
104 0.055765
105 0.064800
106 0.071608
107 0.076256
108 0.078856
109 0.079554
110 0.078526
111 0.075970
112 0.072102
113 0.067142
114 0.061317
115 0.054850
116 0.047957
117 0.040845
118 0.033702
119 0.026704
120 0.020003
121 0.013733
122 0.008004
123 0.002905
124 -0.001498
125 -0.005160
126 -0.008058
127 -0.010186
128 -0.011558
129 -0.012204
130 -0.012166
131 -0.011499
132 -0.010269
133 -0.008548
134 -0.006414
135 -0.003948
136 -0.001231
137 0.001653
138 0.004624
139 0.007608
140 0.010533
141 0.013335
142 0.015955
143 0.018345
144 0.020462
145 0.022274
146 0.023756
147 0.024895
148 0.025682
149 0.026118
150 0.026213
151 0.025983
152 0.025448
153 0.024637
154 0.023581
155 0.022315
156 0.020879
157 0.019311
158 0.017653
159 0.015946
160 0.014231
161 0.012546
162 0.010929
163 0.009412
164 0.008028
165 0.006802
166 0.005758
167 0.004914
168 0.004284
169 0.003878
170 0.003699
171 0.003749
172 0.004024
173 0.004514
174 0.005208
175 0.006091
176 0.007144
177 0.008346
178 0.009673
179 0.011102
180 0.012606
181 0.014158
182 0.015731
183 0.017300
184 0.018839
185 0.020322
186 0.021728
187 0.023035
188 0.024225
189 0.025282
190 0.026192
191 0.026944
192 0.027532
193 0.027950
194 0.028197
195 0.028275
196 0.028188
197 0.027943
198 0.027549
199 0.027019
200 0.026367
201 0.025608
202 0.024760
203 0.023841
204 0.022870
205 0.021868
206 0.020855
207 0.019849
208 0.018872
209 0.017940
210 0.017073
211 0.016286
212 0.015593
213 0.015009
214 0.014544
215 0.014206
216 0.014003
217 0.013939
218 0.014017
219 0.014237
220 0.014596
221 0.015090
222 0.015713
223 0.016457
224 0.017311
225 0.018265
226 0.019304
227 0.020415
228 0.021584
229 0.022795
230 0.024031
231 0.025276
232 0.026515
233 0.027733
234 0.028913
235 0.030042
236 0.031106
237 0.032094
238 0.032995
239 0.033799
240 0.034500
241 0.035090
242 0.035567
243 0.035927
244 0.036171
245 0.036299
246 0.036314
247 0.036221
248 0.036026
249 0.035736
250 0.035359
251 0.034906
252 0.034387
253 0.033813
254 0.033196
255 0.032548
256 0.031881
257 0.031206
258 0.030536
259 0.029882
260 0.029253
261 0.028660
262 0.028109
263 0.027610
264 0.027166
265 0.026784
266 0.026465
267 0.026211
268 0.026022
269 0.025897
270 0.025831
271 0.025822
272 0.025862
273 0.025945
274 0.026063
275 0.026206
276 0.026364
277 0.026528
278 0.026685
279 0.026826
280 0.026938
281 0.027012
282 0.027036
283 0.027001
284 0.026898
285 0.026718
286 0.026455
287 0.026104
288 0.025661
289 0.025122
290 0.024487
291 0.023756
292 0.022932
293 0.022020
294 0.021025
295 0.019953
296 0.018815
297 0.017620
298 0.016379
299 0.015106
300 0.013813
301 0.012515
302 0.011225
303 0.009958
304 0.008729
305 0.007552
306 0.006441
307 0.005407
308 0.004464
309 0.003621
310 0.002887
311 0.002270
312 0.001775
313 0.001405
314 0.001163
315 0.001047
316 0.001055
317 0.001182
318 0.001421
319 0.001763
320 0.002198
321 0.002712
322 0.003293
323 0.003925
324 0.004592
325 0.005278
326 0.005965
327 0.006636
328 0.007275
329 0.007866
330 0.008394
331 0.008846
332 0.009208
333 0.009473
334 0.009631
335 0.009678
336 0.009612
337 0.009433
338 0.009145
339 0.008753
340 0.008267
341 0.007700
342 0.007066
343 0.006383
344 0.005670
345 0.004948
346 0.004240
347 0.003570
348 0.002962
349 0.002441
350 0.002028
351 0.001747
352 0.001617
353 0.001656
354 0.001878
355 0.002293
356 0.002907
357 0.003723
358 0.004737
359 0.005939
360 0.007314
361 0.008843
362 0.010498
363 0.012249
364 0.014057
365 0.015882
366 0.017677
367 0.019392
368 0.020977
369 0.022377
370 0.023539
371 0.024410
372 0.024941
373 0.025084
374 0.024800
375 0.024054
376 0.022822
377 0.021087
378 0.018847
379 0.016110
380 0.012900
381 0.009253
382 0.005223
383 0.000879
384 -0.003695
385 -0.008398
386 -0.013117
387 -0.017722
388 -0.022076
389 -0.026028
390 -0.029423
391 -0.032102
392 -0.033906
393 -0.034679
394 -0.034276
395 -0.032564
396 -0.029429
397 -0.024782
398 -0.018562
399 -0.010745
400 -0.001347
401 0.009573
402 0.021903
403 0.035480
404 0.050083
405 0.065434
406 0.081192
407 0.096963
408 0.112292
409 0.126674
410 0.139558
411 0.150354
412 0.158448
413 0.163207
414 0.164003
415 0.160224
416 0.151297
417 0.136709
418 0.116034
419 0.088952
420 0.055284
421 0.015015
422 -0.031680
423 -0.084402
424 -0.142507
425 -0.205082
426 -0.270922
427 -0.338519
428 -0.406044
429 -0.471352
430 -0.531985
431 -0.585185
432 -0.627924
433 -0.656944
434 -0.668812
435 -0.659988
436 -0.626917
437 -0.566130
438 -0.474370
439 -0.348738
440 -0.186851
441 0.012976
442 0.251532
443 0.528501
444 0.842233
445 1.189522
446 1.565365
447 1.962735
448 2.372367
449 2.782560
450 3.179016
451 3.544721
452 3.859894
453 4.101999
454 4.245868
455 4.263927
456 4.126570
457 3.802681
458 3.260354
459 2.467814
460 1.394580
461 0.012886
462 -1.700614
463 -3.762834
464 -6.181923
465 -8.954602
466 -12.063163
467 -15.472142
468 -19.124685
469 -22.938651
470 -26.802508
471 -30.571111
472 -34.061477
473 -37.048734
474 -39.262421
475 -40.383433
476 -40.041921
477 -37.816562
478 -33.235700
479 -25.780971
480 -14.894144
481 0.011938
482 19.537270
483 44.272187
484 74.767006
485 111.492065
486 154.786139
487 204.790873
488 261.368492
489 323.999604
490 391.657441
491 462.654294
492 534.455295
493 603.453971
494 664.703212
495 711.594372
496 735.476244
497 725.204483
498 666.610818
499 541.879966
500 328.820573
501 0.014771
502 -478.171052
